seq.size() =    91
 32:  32  23  31
 33:  33  15  31
 34:  34   4  12
 35:  35  13  21
 36:  36   9  17
 37:  37  11  27
 38:  38   4  28
 39:  39   5  21
 40:  40   0  24
 41:  41   7  15
 42:  42   1   9
 43:  43   6  14
 44:  44  16  24
 45:  45   6  22
 46:  46  16  33
 47:  47   8  44
 48:  48  18  26
 49:  49  22  30
 50:  50  10  26
 51:  51   2  42
 52:  52  25  47
 53:  53  41  47   0
 54:  54  32  41
 55:  55  33  40
 56:  56  32  45
 57:  57   7  43
 58:  58  39  49
 59:  59   3  27
 60:  60  25  36
 61:  61   1  60
 62:  62  46  60
 63:  63  50  61
 64:  64  35  45
 65:  65  30  64  14
 66:  66  33  59
 67:  67  50  66
 68:  68  19  32
 69:  69  20  34
 70:  70  32  40
 71:  71   8  70  16
 72:  72  46  70   8
 73:  73  41  69
 74:  74  66  73  28
 75:  75  29  35
 76:  76  34  75   5
 77:  77  28  69
 78:  78  39  77
 79:  79  76  78  21
 80:  80  33  37
 81:  81  38  80
 82:  82  74  81   4
 83:  83  27  68
 84:  84  20  83
 85:  85  77  84  20
 86:  86  81  84  12
 87:  87   5  75
 88:  88  45  87
 89:  89  29  38
 90:  90  87  89  29
 91:  91  78  89  13
 92:  92   2  48
 93:  93  36  92  10
 94:  94  33  49
 95:  95   7  94  23
 96:  96  40  71
 97:  97  42  96
 98:  98  10  92
 99:  99  51  98   2
100: 100  48  68
101: 101  67 100  11
102: 102  37 100
103: 103  19 102
104: 104   3 103  19
105: 105  39  65
106: 106  43 105   6
107: 107  54  98
108: 108 102 107   3
109: 109  61  52
110: 110  53  55  24
111: 111 109 110  25
112: 112  51  63  18
113: 113  52  97  17
114: 114  54  57   7
115: 115  56  57  15
116: 116  88 106  22
117: 117  97  62   9
118: 118  56  95  31
119: 119  93  63  26
120: 120  58 116  30
121: 121  62 110   1
122: 122 108  67  27
