seq.size() =    97
 32:  32   6  14
 33:  33   7  15
 34:  34  23  31
 35:  35  15  31
 36:  36  32  35
 37:  37   4  27
 38:  38  34  37
 39:  39  22  35
 40:  40  11  33
 41:  41   1  10
 42:  42   4  12
 43:  43  25  34
 44:  44   3   4
 45:  45   5  42
 46:  46  13  42
 47:  47  30  39
 48:  48  21  39
 49:  49  17  24
 50:  50   0  47   0
 51:  51  16  36  16
 52:  52  19  38
 53:  53  33  36
 54:  54   8  53
 55:  55  47  53
 56:  56  34  36
 57:  57  47  56
 58:  58  13  20
 59:  59  52  58  13
 60:  60  41  56
 61:  61  51  60
 62:  62  24  33
 63:  63  62   1
 64:  64  29  46
 65:  65  22  64  22
 66:  66  45  48
 67:  67  47  66  30
 68:  68  65  66
 69:  69  28  52
 70:  70  45  69   5
 71:  71  21  69
 72:  72   9  53
 73:  73  51  72
 74:  74   6  29
 75:  75  20  40
 76:  76  44  75
 77:  77  29  76  29
 78:  78  59  69
 79:  79  74  78   6
 80:  80  36  79
 81:  81  56  62  24
 82:  82   0  43
 83:  83  51  82  25
 84:  84  59  76
 85:  85  46  84
 86:  86   1  38
 87:  87   2  86
 88:  88  87   3
 89:  89  60  88
 90:  90  69  89  28
 91:  91  76  89  20
 92:  92   2  43
 93:  93  26  33
 94:  94  73  92
 95:  95  62  94   2
 96:  96  18  72
 97:  97  18  40
 98:  98  44  96
 99:  99  88  98  27
100: 100  31  74
101: 101  48 100  15
102: 102  47  97
103: 103  38  93
104: 104 102 103   4
105: 105  17  92
106: 106 102 105  11
107: 107 104 106
108: 108   8  82
109: 109  55  89
110: 110 107 109   3
111: 111  56  96
112: 112 108 111  18
113: 113 107 108
114: 114  87 113  26
115: 115  19  41
116: 116  72  93
117: 117 115 116  19
118: 118  85  71  21
119: 119  49  61  10
120: 120  49  54  17
121: 121  54  57   8
122: 122  73  50   9
123: 123  63 121   1
124: 124  80  68  14
125: 125 101  68  31
126: 126  57 125  23
127: 127  85 104  12
128: 128 101  55   7
